3665, 21890, 2,
21890, 3649, 21891,
3648, 21891, 3649,
21890, 3665, 3649,
21893, 3667, 21892,
3666, 21892, 3667,
3647, 21895, 21894,
3647, 3646, 21895,
21898, 21897, 21896,
21896, 21897, 3645,
3647, 21894, 3648,
21896, 3675, 21899,
21900, 21902, 21901,
21900, 21901, 21903,
21899, 3675, 3674,
3646, 21897, 21895,
3673, 3672, 21902,
21904, 3671, 21902,
3673, 21902, 21899,
21892, 21905, 21893,
3668, 3667, 21893,
6, 3671, 21904,
21899, 21902, 21900,
3675, 21896, 3,
21903, 21898, 21900,
21896, 3645, 3,
3673, 21899, 3674,
21900, 21898, 21899,
21899, 21898, 21896,
3646, 3645, 21897,
3670, 21901, 3671,
21904, 3672, 7,
3669, 3668, 21906,
21890, 3666, 2,
21890, 21892, 3666,
21903, 3669, 21906,
21903, 3670, 3669,
3672, 21904, 21902,
21897, 21906, 21905,
21903, 21901, 3670,
21905, 21895, 21897,
21901, 21902, 3671,
6, 21904, 7,
21893, 21905, 21906,
21893, 21906, 3668,
21892, 21894, 21905,
21905, 21894, 21895,
21892, 21891, 21894,
21891, 21892, 21890,
3648, 21894, 21891,
21906, 21897, 21898,
21903, 21906, 21898,
21908, 21907, 21909,
5, 3655, 3676,
3677, 21910, 21911,
21911, 21912, 3677,
21910, 3655, 3654,
21912, 21913, 3678,
21912, 3678, 3677,
21908, 3679, 21913,
3651, 21907, 3652,
3680, 3679, 21908,
3654, 3653, 21911,
21914, 21915, 21907,